%%MatrixMarket matrix coordinate real general
113 910 2140                                      
1 1 0.34183723513778064
1 2 0.4025124620181909
1 3 0.5208012253073223
1 4 0.5208012253073223
1 5 0.34183723513778064
1 6 0.14766801682439837
1 7 0.2000116284387041
2 1 0.3275814291566933
2 2 0.3857262872728086
2 3 0.4990819962136828
2 4 0.4990819962136828
2 5 0.3275814291566933
2 6 0.1415097450474456
2 8 0.34410079921062275
3 9 0.26513974213620695
3 10 0.26513974213620695
3 11 0.20352309672959587
3 12 0.20352309672959587
3 13 0.12128228061424932
3 14 0.26513974213620695
3 15 0.0971214383754699
3 16 0.109636642527035
3 17 0.22626396723391393
3 18 0.26513974213620695
3 19 0.22626396723391393
3 20 0.12128228061424932
3 21 0.22626396723391393
3 22 0.26513974213620695
3 23 0.26513974213620695
3 24 0.22626396723391393
3 25 0.1646473218273029
3 26 0.20352309672959587
3 27 0.26513974213620695
3 28 0.17487298818005587
3 29 0.26513974213620695
4 6 0.050281281014746104
4 7 0.06810439465509113
4 28 0.1370563690764622
4 30 0.20780276435627607
4 31 0.20780276435627607
4 32 0.1370563690764622
4 33 0.15951083670072105
4 34 0.20780276435627607
4 35 0.20780276435627607
4 36 0.18359435069241734
4 37 0.20780276435627607
4 38 0.14686513632585613
4 39 0.20780276435627607
4 40 0.1370563690764622
4 41 0.06810439465509113
4 42 0.20780276435627607
4 43 0.0887644414209072
4 44 0.06630997379664835
4 45 0.2224378180903321
4 46 0.20780276435627607
4 47 0.20780276435627607
4 48 0.17733395034106608
4 49 0.11639632231064614
4 50 0.12226598936141865
4 51 0.17733395034106608
4 52 0.0985732086703011
4 53 0.08592750829543618
4 54 0.17733395034106608
4 55 0.20780276435627607
4 56 0.09179717534620867
4 57 0.0950547548097391
4 58 0.17733395034106608
4 59 0.20780276435627607
4 60 0.17733395034106608
4 61 0.20780276435627607
4 62 0.15951083670072105
4 63 0.15951083670072105
5 2 0.16391040399287696
5 6 0.06013310537803973
5 7 0.08144837716646787
5 15 0.09103300839179089
5 16 0.10276364895489602
5 41 0.08144837716646787
5 44 0.07930236782868574
5 50 0.1462220825333441
5 53 0.10276364895489602
5 64 0.24851844015706817
5 65 0.16391040399287696
5 66 0.1462220825333441
5 67 0.3512820891119642
5 68 0.15432577276755394
5 69 0.24851844015706817
5 70 0.24851844015706817
5 71 0.07149993875483324
5 72 0.19076447056809698
5 73 0.24851844015706817
5 74 0.24851844015706817
5 75 0.1756410445559821
5 76 0.1756410445559821
5 77 0.24851844015706817
5 78 0.25494341238466783
5 79 0.38152894113619396
5 80 0.13920234675543905
6 44 0.05501251460929773
6 81 0.13233442470132992
6 82 0.10705668773102159
6 83 0.1723986899023614
6 84 0.1723986899023614
6 85 0.1723986899023614
6 86 0.14712095293205307
6 87 0.07364133705479807
6 88 0.13233442470132992
6 89 0.1723986899023614
6 90 0.26466884940265983
6 91 0.3970032741039897
6 92 0.1723986899023614
6 93 0.1723986899023614
6 94 0.1723986899023614
6 95 0.1723986899023614
6 96 0.14712095293205307
6 97 0.29424190586410615
6 98 0.1723986899023614
6 99 0.1723986899023614
6 100 0.1723986899023614
6 101 0.1723986899023614
6 102 0.1723986899023614
6 103 0.07364133705479807
6 104 0.10143511060028888
6 105 0.1723986899023614
6 106 0.12184321596174476
6 107 0.1723986899023614
6 108 0.1723986899023614
6 109 0.1723986899023614
6 110 0.22741120451165917
7 6 0.05816281847962223
7 7 0.0787796862778203
7 66 0.1414310535042665
7 71 0.13831442540535027
7 80 0.1346413223693382
7 87 0.10267817345972516
7 103 0.10267817345972516
7 111 0.20513085895597782
7 112 0.24037562724929767
7 113 0.20513085895597782
7 114 0.24037562724929767
7 115 0.24037562724929767
7 116 0.24037562724929767
7 117 0.20513085895597782
7 118 0.12329504125792325
7 119 0.24037562724929767
7 120 0.5096582719879741
7 121 0.24037562724929767
7 122 0.24037562724929767
7 123 0.20513085895597782
7 124 0.08094373424759167
7 125 0.24037562724929767
8 80 0.15542747303213195
8 113 0.23679930119060535
8 126 0.21299956714668897
8 127 0.06396848736381403
8 128 0.2774852152698421
8 129 0.6389987014400669
8 130 0.2774852152698421
8 131 0.2774852152698421
8 132 0.2774852152698421
8 133 0.2774852152698421
8 134 0.2774852152698421
9 1 0.16521501137773695
9 6 0.07137014512166119
9 7 0.1933371796367422
9 41 0.0966685898183711
9 53 0.12196703451508104
9 124 0.09932403915336045
9 129 0.22641252040633889
9 135 0.2517109651030488
9 136 0.22641252040633889
9 137 0.2517109651030488
9 138 0.22641252040633889
9 139 0.29495894196570477
9 140 0.2517109651030488
9 141 0.2517109651030488
9 142 0.19454024944126536
9 143 0.2517109651030488
9 144 0.2517109651030488
9 145 0.29495894196570477
9 146 0.2517109651030488
9 147 0.29495894196570477
10 16 0.1668540894930941
10 148 0.40351153813982976
10 149 0.3443471759781458
10 150 0.3443471759781458
10 151 0.3443471759781458
10 152 0.40351153813982976
10 153 0.40351153813982976
10 154 0.2159649473291204
10 155 0.2851828138164619
11 1 0.19444778206004804
11 7 0.11377291160352597
11 81 0.2664734400131541
11 87 0.29657378201400064
11 149 0.29624813433313346
11 150 0.29624813433313346
11 151 0.29624813433313346
11 154 0.18579856955663207
11 155 0.24534795819659075
11 156 0.2664734400131541
11 157 0.204253450459154
11 158 0.2289617614635224
11 159 0.1710626317487127
11 160 0.19444778206004804
11 161 0.3471483104696762
11 162 0.2289617614635224
11 163 0.16467308774006867
12 1 0.21093618701966918
12 8 0.22157333742258783
12 87 0.1608610344774132
12 156 0.2890693366768834
12 158 0.24837681574330278
12 164 0.3213688076350717
12 165 0.3213688076350717
12 166 0.376585117942773
12 167 0.376585117942773
12 168 0.376585117942773
12 169 0.3213688076350717
13 6 0.05613008764223224
13 7 0.07602641706145763
13 28 0.30599801170267776
13 53 0.09592274648068302
13 57 0.10611169028722277
13 68 0.14405241665868548
13 79 0.17806541645729942
13 124 0.07811483377475392
13 157 0.4094645498296669
13 170 0.15299900585133888
13 171 0.23197474567513876
13 172 0.17806541645729942
13 173 0.2704292623225385
13 174 0.1979617458765248
13 175 0.1979617458765248
13 176 0.09908967663349953
13 177 0.17806541645729942
13 178 0.1979617458765248
13 179 0.23197474567513876
13 180 0.27297636655311125
13 181 0.17806541645729942
13 182 0.15299900585133888
13 183 0.15299900585133888
13 184 0.17806541645729942
13 185 0.16394874607791088
13 186 0.14405241665868548
13 187 0.15299900585133888
14 40 0.24688309071110934
14 41 0.12267816196179697
14 44 0.11944582645959434
14 66 0.2202408070912673
14 71 0.21538749750400668
14 80 0.20966762794822852
14 111 0.31943611262449234
14 127 0.08629182954183648
14 164 0.31943611262449234
14 188 0.37432035496262434
14 189 0.26455187028636046
14 190 0.31943611262449234
14 191 0.31943611262449234
14 192 0.1775624042999289
14 193 0.31943611262449234
14 194 0.10769374875200334
15 1 0.0918162550588161
15 5 0.3672650202352644
15 6 0.03966309957811852
15 44 0.05230692298685807
15 65 0.10811340333395311
15 143 0.13988534080697076
15 163 0.07775694875550597
15 173 0.06369764245219585
15 180 0.0964463914441026
15 195 0.3475523937986803
15 196 0.13988534080697076
15 197 0.32783976736209625
15 198 0.10179149162958333
15 199 0.32783976736209625
15 200 0.16391988368104812
15 201 0.11585079793289345
15 202 0.32783976736209625
15 203 0.16391988368104812
15 204 0.16391988368104812
15 205 0.16391988368104812
15 206 0.16391988368104812
15 207 0.13988534080697076
15 208 0.16391988368104812
15 209 0.16391988368104812
15 210 0.16391988368104812
15 211 0.16391988368104812
15 212 0.16391988368104812
15 213 0.16391988368104812
16 6 0.03559810804351909
16 24 0.12554877275648493
16 32 0.09703307743900698
16 41 0.09643300847722604
16 52 0.06978779501287234
16 65 0.09703307743900698
16 127 0.03391549317601698
16 154 0.07874068959203774
16 157 0.17312358840098313
16 163 0.06978779501287234
16 214 0.14712006353074428
16 215 0.09703307743900698
16 216 0.14712006353074428
16 217 0.14712006353074428
16 218 0.1039774819822256
16 219 0.11293037656139099
16 220 0.14712006353074428
16 221 0.14712006353074428
16 222 0.14712006353074428
16 223 0.09703307743900698
16 224 0.14712006353074428
16 225 0.14712006353074428
16 226 0.14712006353074428
16 227 0.09703307743900698
16 228 0.14712006353074428
16 229 0.14712006353074428
16 230 0.14712006353074428
16 231 0.11293037656139099
16 232 0.14712006353074428
16 233 0.14712006353074428
16 234 0.5884802541229771
16 235 0.25109754551296987
16 236 0.14712006353074428
16 237 0.14712006353074428
16 238 0.12554877275648493
16 239 0.11293037656139099
16 240 0.1039774819822256
16 241 0.12554877275648493
16 242 0.1039774819822256
16 243 0.14712006353074428
17 25 0.2834222640939019
17 44 0.14564033106684676
17 53 0.1887274272536222
17 71 0.13131101928770436
17 127 0.10521565294780962
17 244 0.45640891806510886
17 245 0.2685396803717728
17 246 0.45640891806510886
17 247 0.45640891806510886
17 248 0.30102462456597784
17 249 0.21650189139103024
18 15 0.14391531298365706
18 41 0.25752567994842185
18 43 0.16782414151046388
18 45 0.21027809820520124
18 62 0.3015821290867614
18 127 0.09057179257248323
18 135 0.33527973026413804
18 140 0.33527973026413804
18 176 0.33564828302092775
18 250 0.1863692696783944
18 251 0.33527973026413804
18 252 0.33527973026413804
18 253 0.23116446599611667
18 254 0.3015821290867614
19 6 0.03608987476429946
19 15 0.054634961085461474
19 41 0.09776517321743798
19 43 0.06371153458608263
19 45 0.07982844545438085
19 50 0.08775759397801909
19 53 0.06167529845313854
19 68 0.18524231459760077
19 118 0.07650424643050217
19 127 0.1719200778585683
19 141 0.1272831544882606
19 142 0.09837353177554287
19 159 0.07349714263366626
19 163 0.07075187195375969
19 176 0.06371153458608263
19 227 0.19674706355108573
19 248 0.19674706355108573
19 249 0.21225561586127906
19 255 0.1272831544882606
19 256 0.14915243983330131
19 257 0.08775759397801909
19 258 0.09837353177554287
19 259 0.14915243983330131
19 260 0.2545663089765212
19 261 0.11449044264384108
19 262 0.09837353177554287
19 263 0.1272831544882606
19 264 0.10541386914321992
19 265 0.1272831544882606
19 266 0.18524231459760077
19 267 0.1272831544882606
19 268 0.14915243983330131
19 269 0.14915243983330131
19 270 0.14915243983330131
19 271 0.447457319499904
19 272 0.14915243983330131
19 273 0.14915243983330131
19 274 0.14915243983330131
19 275 0.08775759397801909
19 276 0.14915243983330131
19 277 0.09837353177554287
19 278 0.09837353177554287
19 279 0.29830487966660263
20 7 0.07625264504966633
20 20 0.10642744151090201
20 41 0.07625264504966633
20 43 0.09938453280407149
20 56 0.10278011373107716
20 58 0.1985508106942937
20 71 0.06693883464126013
20 127 0.053636117003359
20 157 0.2737886486074387
20 175 0.1985508106942937
20 194 0.06693883464126013
20 280 0.16443660012165154
20 281 0.4653300425338718
20 282 0.2326650212669359
20 283 0.3571905535351857
20 284 0.16443660012165154
20 285 0.16443660012165154
20 286 0.13689432430371934
20 287 0.2326650212669359
20 288 0.17859527676759285
20 289 0.14448106619495069
20 290 0.2326650212669359
20 291 0.2326650212669359
20 292 0.2326650212669359
20 293 0.15345427730341454
21 87 0.3015185547563577
21 124 0.11884725324067846
21 294 0.3529363119966781
21 295 0.3529363119966781
21 296 0.3011874775538213
21 297 0.3011874775538213
21 298 0.3529363119966781
21 299 0.3529363119966781
21 300 0.3011874775538213
21 301 0.3529363119966781
22 7 0.13596370399392677
22 78 0.21279153656938232
22 80 0.1161868862705128
22 87 0.17720944881251185
22 124 0.13969857514526685
22 159 0.10221373743406628
22 176 0.08860472440625593
22 189 0.146600876665627
22 193 0.17701486706074118
22 194 0.05967827013039812
22 296 0.17701486706074118
22 302 0.12880983278719177
22 303 0.20742885745585538
22 304 0.20742885745585538
22 305 0.20742885745585538
22 306 0.20742885745585538
22 307 0.20742885745585538
22 308 0.20742885745585538
22 309 0.20742885745585538
22 310 0.35402973412148236
22 311 0.146600876665627
22 312 0.20742885745585538
22 313 0.41485771491171075
22 314 0.20742885745585538
22 315 0.20742885745585538
23 6 0.06287732903878183
23 32 0.17139058992459033
23 53 0.21490670498193068
23 110 0.34278117984918066
23 127 0.1797159237789229
23 154 0.1390805444538368
23 159 0.12804987689674013
23 160 0.14555496019849282
23 173 0.10097893674630931
23 183 0.17139058992459033
23 192 0.12326694847240105
23 261 0.199470163887456
23 316 0.25985978332107523
23 317 0.22175817561354774
23 318 0.25985978332107523
23 319 0.25985978332107523
23 320 0.13328898221706287
23 321 0.25985978332107523
23 322 0.25985978332107523
23 323 0.25985978332107523
23 324 0.25985978332107523
23 325 0.199470163887456
23 326 0.199470163887456
24 2 0.10033847756303316
24 6 0.07362149195888934
24 7 0.04985898372392667
24 20 0.06958924599422064
24 38 0.10751944098126913
24 51 0.12982555073769936
24 52 0.07216509348035689
24 53 0.06290722146840869
24 56 0.06720438372102781
24 65 0.10033847756303316
24 71 0.04376900322216183
24 78 0.39016183903301455
24 82 0.09447120323678712
24 87 0.0649841300621209
24 103 0.0649841300621209
24 110 0.30101543268909947
24 126 0.11677731299321735
24 127 0.07014162677093402
24 155 0.10751944098126913
24 173 0.05911685573587489
24 180 0.2685314804323741
24 184 0.11677731299321735
24 192 0.07216509348035689
24 215 0.10033847756303316
24 218 0.10751944098126913
24 275 0.08951049347745804
24 278 0.20067695512606631
24 327 0.11677731299321735
24 328 0.1521316604941296
24 329 0.10751944098126913
24 330 0.10033847756303316
24 331 0.2596511014753987
24 332 0.09447120323678712
24 333 0.11677731299321735
24 334 0.11677731299321735
24 335 0.11677731299321735
24 336 0.1521316604941296
24 337 0.09447120323678712
24 338 0.1521316604941296
24 339 0.12982555073769936
24 340 0.12982555073769936
24 341 0.12982555073769936
24 342 0.12982555073769936
24 343 0.11677731299321735
24 344 0.2596511014753987
24 345 0.11677731299321735
24 346 0.2596511014753987
24 347 0.08951049347745804
25 32 0.13787700839205025
25 57 0.09562390507583825
25 78 0.10722575917263409
25 82 0.12981467526555757
25 87 0.08929592777901703
25 110 0.2757540167841005
25 120 0.1477445066591746
25 124 0.07039418022343383
25 129 0.1604659244849737
25 180 0.1229980697346647
25 218 0.2954890133183492
25 231 0.1604659244849737
25 257 0.1229980697346647
25 289 0.12981467526555757
25 311 0.1477445066591746
25 331 0.17839575587859074
25 334 0.1604659244849737
25 344 0.17839575587859074
25 346 0.17839575587859074
25 348 0.1604659244849737
25 349 0.20904700509800692
25 350 0.20904700509800692
25 351 0.20904700509800692
25 352 0.20904700509800692
25 353 0.20904700509800692
25 354 0.17839575587859074
25 355 0.09562390507583825
25 356 0.20904700509800692
25 357 0.20904700509800692
25 358 0.20904700509800692
25 359 0.20904700509800692
25 360 0.20904700509800692
26 6 0.06302731755674751
26 20 0.1191506281416178
26 43 0.11126575386060857
26 56 0.23013453931935957
26 127 0.06004820694080939
26 160 0.14590216917025525
26 182 0.17179942759261846
26 250 0.12356099128875737
26 330 0.17179942759261846
26 361 0.26047965672179124
26 362 0.26047965672179124
26 363 0.26047965672179124
26 364 0.26047965672179124
26 365 0.22228716087127925
26 366 0.26047965672179124
26 367 0.26047965672179124
26 368 0.26047965672179124
26 369 0.19994598298978136
26 370 0.26047965672179124
26 371 0.26047965672179124
26 372 0.26047965672179124
26 373 0.22228716087127925
27 25 0.1700879820272058
27 40 0.18065154865872105
27 52 0.1299275832458002
27 81 0.21024838080861136
27 103 0.11699882257618557
27 118 0.14049114987731545
27 159 0.1349689535296696
27 173 0.10643525594467033
27 192 0.1299275832458002
27 249 0.1299275832458002
27 332 0.1700879820272058
27 337 0.1700879820272058
27 374 0.19358030932833567
27 375 0.21024838080861136
27 376 0.27390110689114683
27 377 0.27390110689114683
27 378 0.21024838080861136
27 379 0.19358030932833567
27 380 0.27390110689114683
27 381 0.23374070810974124
27 382 0.23374070810974124
27 383 0.27390110689114683
27 384 0.27390110689114683
27 385 0.27390110689114683
28 28 0.11105152414714213
28 44 0.053728430906896864
28 76 0.11899919239772935
28 136 0.12924551885449825
28 154 0.09011642032160913
28 177 0.12924551885449825
28 194 0.04844217927433454
28 250 0.07987009386484023
28 258 0.11105152414714213
28 355 0.07701922552147399
28 375 0.2584910377089965
28 386 0.16837461738738738
28 387 0.16837461738738738
28 388 0.16837461738738738
28 389 0.12924551885449825
28 390 0.14368690489255836
28 391 0.12924551885449825
28 392 0.14368690489255836
28 393 0.16837461738738738
28 394 0.14368690489255836
28 395 0.16837461738738738
28 396 0.14368690489255836
28 397 0.16837461738738738
28 398 0.6462275942724912
28 399 0.28737380978511673
28 400 0.14368690489255836
28 401 0.16837461738738738
29 6 0.05059004389789874
29 20 0.09563845871624489
29 36 0.2770826261828438
29 41 0.20556781245671363
29 44 0.13343432854294773
29 66 0.12301678963191436
29 67 0.2955339857636864
29 71 0.24061189040970837
29 127 0.09639761115933557
29 138 0.16049034686513713
29 159 0.20605356469041636
29 173 0.08124595813553183
29 192 0.09917851838987096
29 194 0.06015297260242709
29 198 0.12983443262750405
29 250 0.09917851838987096
29 262 0.27579598562858326
29 264 0.1477669928818432
29 302 0.12983443262750405
29 402 0.17842290711947625
29 403 0.41815764271421874
29 404 0.20907882135710937
29 405 0.16049034686513713
29 406 0.20907882135710937
29 407 0.20907882135710937
29 408 0.13789799281429163
29 409 0.20907882135710937
29 410 0.16049034686513713
30 11 0.27925403408366845
30 15 0.13326032228367926
30 25 0.2259125846656808
30 71 0.20933296724030104
30 103 0.15539902405802977
30 127 0.08386617113767651
30 154 0.1947098370220437
30 219 0.27925403408366845
30 227 0.23994322111965458
30 248 0.23994322111965458
30 249 0.17257113524769313
30 262 0.23994322111965458
30 264 0.2571153323093179
30 337 0.2259125846656808
30 411 0.36379823114529325
30 412 0.27925403408366845
30 413 0.36379823114529325
31 17 0.3029758708385641
31 21 0.3029758708385641
31 223 0.23416143775655063
31 414 0.3029758708385641
31 415 0.35503197990240615
31 416 0.35503197990240615
31 417 0.19886365271087997
31 418 0.35503197990240615
31 419 0.35503197990240615
31 420 0.35503197990240615
32 15 0.1252998350185142
32 41 0.11210733778632809
32 50 0.20126329054883535
32 252 0.2919112220665435
32 257 0.20126329054883535
32 265 0.2919112220665435
32 266 0.21241738802760443
32 421 0.3420662471871817
32 422 0.3420662471871817
32 423 0.3420662471871817
32 424 0.2919112220665435
32 425 0.3420662471871817
32 426 0.2919112220665435
32 427 0.19160117182526717
33 6 0.11153525566644067
33 43 0.3937992218243675
33 45 0.24670869963828512
33 56 0.20362690080815093
33 68 0.28624439754671577
33 71 0.1326185284964098
33 173 0.17912197765236287
33 267 0.39336681744106855
33 284 0.32578009545514636
33 326 0.35383111953263796
33 428 0.46095353942699085
34 15 0.12220505966067532
34 16 0.13795257427320431
34 36 0.14737604873258972
34 41 0.21867680672609657
34 54 0.2847013190639204
34 71 0.0959833629101174
34 127 0.07690864221065576
34 194 0.0959833629101174
34 245 0.19629229699616177
34 320 0.17112130792424735
34 427 0.18686882253677634
34 429 0.2847013190639204
34 430 0.2847013190639204
34 431 0.3336175673274925
34 432 0.3336175673274925
34 433 0.3336175673274925
34 434 0.2847013190639204
34 435 0.3336175673274925
35 44 0.08311351252983373
35 52 0.12355253885410358
35 142 0.1717876753120634
35 194 0.14987222243905254
35 253 0.15324928147198913
35 278 0.1717876753120634
35 302 0.16174242207119402
35 327 0.19993230528828446
35 408 0.1717876753120634
35 436 0.2604618380942931
35 437 0.2604618380942931
35 438 0.2604618380942931
35 439 0.2604618380942931
35 440 0.22227195487720258
35 441 0.5209236761885861
35 442 0.2604618380942931
35 443 0.2604618380942931
35 444 0.22227195487720258
36 32 0.309929537979912
36 36 0.2075836120176153
36 71 0.13519546315583772
36 127 0.10832814343140937
36 320 0.24102952615148215
36 445 0.4699104111824149
36 446 0.4699104111824149
36 447 0.4699104111824149
36 448 0.33211038752555516
37 36 0.2655400316025028
37 124 0.20241598721935797
37 158 0.3964604840903874
37 159 0.2962048045025857
37 187 0.3964604840903874
37 257 0.3536766197488808
37 449 0.6011073042949789
38 15 0.1651348802521337
38 16 0.18641439148537856
38 41 0.14774825360301036
38 106 0.3186147900910998
38 124 0.15180684184261445
38 257 0.2652484688349467
38 266 0.2799486522087316
38 311 0.3186147900910998
38 450 0.450815188696821
38 451 0.2652484688349467
38 452 0.38471498939396037
38 453 0.3460488515115922
39 6 0.05834113702944893
39 36 0.10651183656635312
39 60 0.20575975965662993
39 87 0.10299296946632872
39 88 0.18507968360849067
39 160 0.13505411263602826
39 320 0.12367304551446798
39 373 0.20575975965662993
39 451 0.42559398022996187
39 452 0.20575975965662993
39 454 0.2411125831669308
39 455 0.20575975965662993
39 456 0.2411125831669308
39 457 0.20575975965662993
39 458 0.2411125831669308
39 459 0.2411125831669308
39 460 0.2411125831669308
39 461 0.20575975965662993
39 462 0.2411125831669308
39 463 0.20575975965662993
39 464 0.14972686009818986
39 465 0.2411125831669308
40 43 0.2611346995893982
40 127 0.14092989025189814
40 235 0.2608479651763367
40 258 0.4032039541136096
40 288 0.23463119778775168
40 289 0.18981333791423102
40 405 0.23463119778775168
40 466 0.30566582504985734
40 467 0.30566582504985734
40 468 0.30566582504985734
40 469 0.30566582504985734
40 470 0.30566582504985734
40 471 0.2608479651763367
41 6 0.08557970053864485
41 8 0.2080990488794964
41 43 0.1510787744857474
41 44 0.11286084176292753
41 62 0.27149049033800393
41 71 0.10175664983043897
41 103 0.1510787744857474
41 127 0.08153460700989149
41 162 0.23327255761518403
41 194 0.10175664983043897
41 242 0.24996726679751802
41 253 0.2080990488794964
41 255 0.30182577013247924
41 257 0.2080990488794964
41 275 0.2080990488794964
41 289 0.21963198700304268
41 329 0.24996726679751802
41 472 0.3536842734674405
41 473 0.3536842734674405
41 474 0.30182577013247924
42 6 0.08567905342837595
42 15 0.12970595715474934
42 16 0.1464200478912375
42 41 0.11604955065980671
42 71 0.10187478318620417
42 127 0.08162926378911059
42 330 0.23354337303692732
42 427 0.19833875583232646
42 461 0.3021761717145044
42 475 0.3021761717145044
42 476 0.35409487965559344
42 477 0.3021761717145044
42 478 0.35409487965559344
42 479 0.35409487965559344
42 480 0.35409487965559344
42 481 0.23354337303692732
43 43 0.15988719008651048
43 263 0.3194232574790427
43 285 0.2645412238608716
43 288 0.28731932584909475
43 289 0.23243729223092363
43 405 0.28731932584909475
43 482 0.3194232574790427
43 483 0.24687315533462958
43 484 0.3743052910972139
43 485 0.3743052910972139
43 486 0.3743052910972139
44 12 0.1855194060187047
44 41 0.0792089559869937
44 43 0.3097129973473653
44 146 0.2062486149198184
44 182 0.15940369136080582
44 227 0.15940369136080582
44 285 0.34162359648516283
44 482 0.2062486149198184
44 487 0.24168543159705544
44 488 0.24168543159705544
44 489 0.24168543159705544
44 490 0.2062486149198184
44 491 0.24168543159705544
44 492 0.2062486149198184
44 493 0.24168543159705544
44 494 0.24168543159705544
44 495 0.24168543159705544
44 496 0.24168543159705544
44 497 0.24168543159705544
45 13 0.16877702198652364
45 25 0.2291240279728387
45 48 0.3148700566907848
45 75 0.26077033592203996
45 182 0.24335411588101968
45 184 0.28322374874158357
45 198 0.2291240279728387
45 286 0.43418532015490363
45 498 0.3689697774595297
45 499 0.3689697774595297
45 500 0.3148700566907848
46 13 0.16611415419122402
46 194 0.052239759507138474
46 198 0.11275451973146408
46 245 0.21366749564267273
46 500 0.15495110807059043
46 501 0.18157419115295165
46 502 0.3631483823059033
46 503 0.18157419115295165
46 504 0.3631483823059033
46 505 0.18157419115295165
46 506 0.3631483823059033
46 507 0.18157419115295165
46 508 0.18157419115295165
46 509 0.18157419115295165
46 510 0.18157419115295165
46 511 0.30990221614118085
46 512 0.18157419115295165
46 513 0.3631483823059033
47 13 0.1840794828261877
47 15 0.07370435341810139
47 26 0.15445136008089927
47 49 0.11270438210429592
47 136 0.15445136008089927
47 194 0.05788951555548123
47 250 0.09544659448581197
47 369 0.15445136008089927
47 375 0.15445136008089927
47 391 0.30890272016179854
47 392 0.1717091476993832
47 398 0.30890272016179854
47 412 0.15445136008089927
47 514 0.30890272016179854
47 515 0.4024230609938537
47 516 0.20121153049692686
47 517 0.24989795456671124
47 518 0.1717091476993832
47 519 0.15445136008089927
47 520 0.1717091476993832
47 521 0.1717091476993832
47 522 0.20121153049692686
47 523 0.1717091476993832
47 524 0.15445136008089927
47 525 0.1717091476993832
48 13 0.16057354429516335
48 15 0.12858542491128946
48 57 0.16057354429516335
48 194 0.10099468498670951
48 196 0.2995656659903348
48 201 0.24809548475968332
48 374 0.24809548475968332
48 398 0.26945754006508177
48 526 0.3510358472209863
48 527 0.3510358472209863
48 528 0.2995656659903348
48 529 0.3510358472209863
48 530 0.3510358472209863
48 531 0.23152578737259244
49 13 0.21574034805108167
49 44 0.0752499801550237
49 162 0.1555345065397188
49 176 0.10073179150815238
49 194 0.06784625881549516
49 198 0.1464396544029345
49 250 0.11186299091302149
49 286 0.27750013297535436
49 532 0.18101631789284747
49 533 0.20124236943450086
49 534 0.20124236943450086
49 535 0.20124236943450086
49 536 0.36203263578569495
49 537 0.13875006648767718
49 538 0.16666570594458788
49 539 0.20124236943450086
49 540 0.16666570594458788
49 541 0.18101631789284747
49 542 0.20124236943450086
49 543 0.4024847388690017
49 544 0.20124236943450086
49 545 0.20124236943450086
49 546 0.20124236943450086
49 547 0.20124236943450086
50 13 0.38804176248947936
50 44 0.09023234083760698
50 118 0.14504069367948141
50 191 0.2413099648979673
50 194 0.08135452976046476
50 240 0.19984904652135585
50 249 0.13413504564896597
50 408 0.1865016120560929
50 520 0.2413099648979673
50 538 0.19984904652135585
50 548 0.2413099648979673
50 549 0.43411376480437786
50 550 0.2827708832745788
50 551 0.17559596402557745
50 552 0.2827708832745788
50 553 0.2827708832745788
50 554 0.21705688240218893
51 13 0.14793094565167103
51 71 0.09304296869983568
51 79 0.24824206808021018
51 127 0.07455259091780193
51 154 0.17308674797310503
51 262 0.2132968342893267
51 284 0.22856193299779562
51 517 0.2008243404854503
51 541 0.24824206808021018
51 549 0.24824206808021018
51 551 0.2008243404854503
51 555 0.3233973881873154
51 556 0.27597966059255546
51 557 0.27597966059255546
51 558 0.3233973881873154
51 559 0.3233973881873154
51 560 0.3233973881873154
52 13 0.20347708077820303
52 52 0.10550439472133846
52 185 0.157191974601865
52 194 0.06398969321320776
52 365 0.1898032066385906
52 374 0.157191974601865
52 408 0.1466935028003522
52 528 0.1898032066385906
52 532 0.1707268587947897
52 536 0.5121805763843691
52 540 0.157191974601865
52 551 0.41434688027419225
52 554 0.1707268587947897
52 557 0.1898032066385906
52 561 0.2224144386753162
52 562 0.2224144386753162
52 563 0.2224144386753162
52 564 0.2224144386753162
52 565 0.2224144386753162
53 13 0.21574034805108167
53 44 0.0752499801550237
53 162 0.1555345065397188
53 176 0.10073179150815238
53 194 0.06784625881549516
53 198 0.1464396544029345
53 250 0.11186299091302149
53 286 0.27750013297535436
53 532 0.18101631789284747
53 533 0.20124236943450086
53 534 0.20124236943450086
53 535 0.20124236943450086
53 536 0.36203263578569495
53 537 0.13875006648767718
53 538 0.16666570594458788
53 539 0.20124236943450086
53 540 0.16666570594458788
53 541 0.18101631789284747
53 542 0.20124236943450086
53 543 0.4024847388690017
53 544 0.20124236943450086
53 545 0.20124236943450086
53 546 0.20124236943450086
53 547 0.20124236943450086
54 7 0.07522443718308089
54 13 0.20998469976427123
54 26 0.17618705776892288
54 36 0.10139420349284206
54 41 0.07522443718308089
54 44 0.0732424167888089
54 63 0.17618705776892288
54 71 0.06603621629518996
54 127 0.052912875502686724
54 194 0.06603621629518996
54 201 0.16221929991272735
54 257 0.1350484103547894
54 275 0.1350484103547894
54 302 0.14253285090697557
54 417 0.12856509305078004
54 440 0.1958735067746747
54 517 0.14253285090697557
54 566 0.22952771363662203
54 567 0.22952771363662203
54 568 0.45905542727324405
54 569 0.17618705776892288
54 570 0.1958735067746747
54 571 0.22952771363662203
54 572 0.22952771363662203
54 573 0.3917470135493494
54 574 0.22952771363662203
55 11 0.17266511436448687
55 13 0.30868072256881973
55 45 0.12039072734479771
55 103 0.09608452156888131
55 104 0.13234882013430663
55 194 0.12943233155935202
55 215 0.1483589085885705
55 417 0.1259951030228816
55 457 0.19195803526374455
55 517 0.13968364824405538
55 570 0.5758741057912337
55 575 0.22493950138417607
55 576 0.22493950138417607
55 577 0.22493950138417607
55 578 0.22493950138417607
55 579 0.22493950138417607
55 580 0.22493950138417607
55 581 0.22493950138417607
55 582 0.19195803526374455
56 13 0.16660325301758452
56 57 0.16660325301758452
56 124 0.12264610412457978
56 254 0.27957595955183107
56 355 0.16660325301758452
56 391 0.27957595955183107
56 408 0.2402198288830656
56 481 0.2402198288830656
56 514 0.27957595955183107
56 517 0.22617301784015925
56 548 0.31081467788135675
56 556 0.31081467788135675
56 583 0.31081467788135675
56 584 0.36421761959302856
56 585 0.27957595955183107
57 160 0.2519695088481099
57 194 0.129421700644004
57 329 0.31792702322822425
57 389 0.3453018650551953
57 521 0.38388453760833857
57 586 0.44984205198845295
57 587 0.44984205198845295
57 588 0.38388453760833857
58 160 0.29764229651277674
58 329 0.37555547792158744
58 588 0.45346865933039815
58 589 0.5313818407392089
58 590 0.5313818407392089
59 6 0.07248920233524545
59 41 0.19636863438799315
59 104 0.17626766587230708
59 180 0.17626766587230708
59 187 0.19759056787761745
59 277 0.19759056787761745
59 355 0.13703794364963667
59 427 0.16780552103635535
59 531 0.19759056787761745
59 591 0.16780552103635535
59 592 0.5113153980071411
59 593 0.22996258414481943
59 594 0.22996258414481943
59 595 0.2995837879871782
59 596 0.2995837879871782
59 597 0.25565769900357055
59 598 0.2995837879871782
60 5 0.11301995981254158
60 6 0.04882274840645837
60 7 0.13225771732603708
60 15 0.07391072916414725
60 16 0.08343496891957873
60 36 0.08913437179607862
60 45 0.10799273019238408
60 56 0.08913437179607862
60 176 0.0861896098005499
60 223 0.13308071095007296
60 330 0.13308071095007296
60 347 0.11871936268904149
60 355 0.0922974571302679
60 427 0.11301995981254158
60 464 0.12529884044894424
60 531 0.13308071095007296
60 551 0.12529884044894424
60 569 0.15488383134190709
60 585 0.15488383134190709
60 591 0.11301995981254158
60 592 0.3443798831969345
60 593 0.15488383134190709
60 599 0.20177493249143014
60 600 0.20177493249143014
60 601 0.3443798831969345
60 602 0.10799273019238408
60 603 0.20177493249143014
60 604 0.20177493249143014
60 605 0.17218994159846726
60 606 0.17218994159846726
60 607 0.20177493249143014
60 608 0.20177493249143014
60 609 0.20177493249143014
60 610 0.20177493249143014
60 611 0.20177493249143014
60 612 0.20177493249143014
61 56 0.11838778772510666
61 172 0.20571586221426208
61 181 0.20571586221426208
61 183 0.17675707631964982
61 186 0.1664212382537285
61 302 0.1664212382537285
61 389 0.20571586221426208
61 444 0.22870174371111326
61 537 0.3153648233712805
61 605 0.22870174371111326
61 613 0.26799636767164686
61 614 0.26799636767164686
61 615 0.22870174371111326
61 616 0.22870174371111326
61 617 0.26799636767164686
61 618 0.22870174371111326
61 619 0.22870174371111326
61 620 0.26799636767164686
61 621 0.26799636767164686
62 6 0.058408767088678204
62 7 0.0791128158401142
62 15 0.08842260433933265
62 16 0.09981686459155022
62 28 0.15921021457387433
62 56 0.10663530693704482
62 104 0.14202911205431568
62 126 0.1852942311919267
62 194 0.06944965245568283
62 591 0.13521066970882104
62 597 0.2059982799433627
62 622 0.4827841701212671
62 623 0.4827841701212671
62 624 0.24139208506063356
62 625 0.4827841701212671
62 626 0.24139208506063356
63 57 0.11432435505539715
63 71 0.07190569452651951
63 127 0.057615915566820324
63 157 0.14705187980267226
63 163 0.11855607359705299
63 170 0.1648405809079592
63 176 0.10675886269560984
63 194 0.07190569452651951
63 245 0.14705187980267226
63 277 0.1648405809079592
63 325 0.1918470419145018
63 347 0.14705187980267226
63 427 0.13999230765067794
63 551 0.3104031155115548
63 593 0.1918470419145018
63 601 0.2132832759681267
63 606 0.2132832759681267
63 627 0.2132832759681267
63 628 0.24992876012685114
63 629 0.24992876012685114
63 630 0.2132832759681267
63 631 0.24992876012685114
63 632 0.24992876012685114
63 633 0.24992876012685114
63 634 0.24992876012685114
63 635 0.1918470419145018
63 636 0.2132832759681267
64 6 0.03769984516790705
64 20 0.14254010504424405
64 44 0.04971782131979637
64 56 0.20648276421527578
64 71 0.044826166944580324
64 78 0.2397513095254978
64 80 0.08727151020552261
64 82 0.09675298992423417
64 103 0.06655370806886461
64 124 0.10493185606249669
64 127 0.03591788754520141
64 157 0.0916724628967715
64 173 0.060544719992919944
64 186 0.09675298992423417
64 192 0.07390811509922127
64 215 0.10276197800017885
64 333 0.3587935942477412
64 335 0.11959786474924707
64 339 0.13296125985554838
64 341 0.13296125985554838
64 342 0.13296125985554838
64 347 0.0916724628967715
64 394 0.13296125985554838
64 511 0.13296125985554838
64 519 0.11959786474924707
64 585 0.11959786474924707
64 637 0.15580613468056131
64 638 0.15580613468056131
64 639 0.15580613468056131
64 640 0.15580613468056131
64 641 0.15580613468056131
64 642 0.46741840404168394
64 643 0.31161226936112263
64 644 0.31161226936112263
65 310 0.38619240069044236
65 320 0.23212308581442187
65 434 0.38619240069044236
65 483 0.29847712804995225
65 645 0.4525464429259727
65 646 0.4525464429259727
65 647 0.38619240069044236
66 43 0.1566391484258715
66 194 0.1055017492057644
66 223 0.48371606005335416
66 239 0.2814825534362478
66 289 0.22771542546821635
66 648 0.3667014350370534
66 649 0.31293430706902187
66 650 0.3667014350370534
66 651 0.31293430706902187
66 652 0.3667014350370534
67 6 0.07392069145735138
67 7 0.10012322364484419
67 20 0.13974411669790654
67 56 0.13495500787725384
67 163 0.14491674828136308
67 258 0.20149251105585017
67 266 0.189710272917882
67 275 0.17974853251377274
67 283 0.2345037975544009
67 293 0.20149251105585017
67 653 0.30549985437841265
67 654 0.30549985437841265
67 655 0.30549985437841265
67 656 0.30549985437841265
67 657 0.30549985437841265
67 658 0.30549985437841265
67 659 0.30549985437841265
67 660 0.2607063297418937
68 1 0.2034455785375083
68 7 0.11903759239551603
68 41 0.11903759239551603
68 53 0.15019006864147813
68 57 0.16614330419647277
68 118 0.3726022673888485
68 144 0.3099565983295687
68 249 0.1722931022915462
68 355 0.16614330419647277
68 381 0.3099565983295687
68 661 0.36321210822559885
68 662 0.36321210822559885
68 663 0.36321210822559885
68 664 0.3099565983295687
69 41 0.1652372719114501
69 44 0.1608835850633148
69 68 0.1565431415878193
69 71 0.07252725734201858
69 87 0.10768170113995708
69 127 0.058113955547284754
69 154 0.13492160974825676
69 159 0.24844158594315432
69 183 0.16626548579556671
69 477 0.21512692624342888
69 524 0.19350539440386638
69 665 0.21512692624342888
69 666 0.25208917905947603
69 667 0.21512692624342888
69 668 0.5041783581189521
69 669 0.25208917905947603
69 670 0.21512692624342888
69 671 0.25208917905947603
69 672 0.25208917905947603
69 673 0.25208917905947603
70 20 0.16706804787858026
70 36 0.1613425326966125
70 40 0.24089000152346618
70 41 0.11970014850653972
70 44 0.11654627797694128
70 50 0.2148944595716594
70 66 0.2148944595716594
70 71 0.10507948205855196
70 159 0.17997449599950152
70 187 0.24089000152346618
70 320 0.1873380746484193
70 451 0.2148944595716594
70 464 0.22680400225663344
70 674 0.3652337250699911
70 675 0.3652337250699911
70 676 0.3652337250699911
70 677 0.3652337250699911
71 15 0.10715756244185204
71 16 0.12096603555320772
71 19 0.24964514120430403
71 45 0.1565704716991205
71 57 0.13381508527260588
71 90 0.22455432406022832
71 103 0.1249597805148084
71 124 0.09850887413375603
71 173 0.11367743648208836
71 180 0.1721222028828109
71 192 0.13876825362616407
71 332 0.1816612888431962
71 453 0.22455432406022832
71 537 0.1721222028828109
71 678 0.20675210598727192
71 679 0.5850763528426723
71 680 0.24964514120430403
71 681 0.29253817642133617
71 682 0.29253817642133617
72 57 0.09905981239608798
72 103 0.09250446158320633
72 124 0.07292354648327076
72 283 0.3324634015487988
72 332 0.1344791071632826
72 337 0.1344791071632826
72 343 0.1662317007743994
72 355 0.09905981239608798
72 537 0.1274175709863941
72 678 0.15305318372642407
72 683 0.2165583709486577
72 684 0.2165583709486577
72 685 0.4331167418973154
72 686 0.2165583709486577
72 687 0.1662317007743994
72 688 0.18480577733754086
72 689 0.18480577733754086
72 690 0.2165583709486577
72 691 0.2165583709486577
72 692 0.4331167418973154
72 693 0.2165583709486577
73 2 0.19910679790265526
73 6 0.07304545512733122
73 38 0.2133563526775209
73 40 0.19910679790265526
73 78 0.15484363789528963
73 91 0.23172722391715725
73 103 0.12895134912756037
73 117 0.2576195126848865
73 120 0.2133563526775209
73 124 0.10165552602806885
73 192 0.14320090390242607
73 417 0.16909319267015532
73 591 0.16909319267015532
73 678 0.2133563526775209
73 687 0.23172722391715725
73 694 0.3018826726922521
73 695 0.3018826726922521
73 696 0.3018826726922521
73 697 0.2576195126848865
73 698 0.2133563526775209
73 699 0.3018826726922521
74 49 0.16726272562861685
74 56 0.13191349562090554
74 97 0.254830730831635
74 103 0.12755542543120935
74 104 0.17569749822241465
74 170 0.19695142768607882
74 245 0.17569749822241465
74 317 0.254830730831635
74 332 0.18543472857676557
74 337 0.18543472857676557
74 343 0.22921873117827465
74 355 0.13659467118732696
74 651 0.254830730831635
74 688 0.254830730831635
74 689 0.50966146166327
74 700 0.29861473343314415
74 701 0.29861473343314415
75 20 0.1447243169276481
75 44 0.10095934372161385
75 71 0.09102612053674891
75 96 0.2699973807997528
75 170 0.20867330029809658
75 286 0.18615440994227284
75 355 0.1447243169276481
75 378 0.24286104288287771
75 400 0.2699973807997528
75 412 0.24286104288287771
75 518 0.2699973807997528
75 538 0.22360750472492627
75 602 0.1693348288911762
75 702 0.31638725687457925
75 703 0.2699973807997528
75 704 0.31638725687457925
75 705 0.2699973807997528
75 706 0.31638725687457925
76 49 0.5272880433175177
76 52 0.14884913111651474
76 118 0.16095108572316505
76 124 0.10566509225933696
76 127 0.14467548916560713
76 173 0.12193558112719027
76 194 0.09027880080593366
76 250 0.14884913111651474
76 348 0.24086716631071872
76 379 0.2217716987029412
76 602 0.1679445987242923
76 698 0.2217716987029412
76 707 0.3137897338971452
76 708 0.2677807163000432
76 709 0.3137897338971452
76 710 0.2677807163000432
76 711 0.2677807163000432
77 49 0.30192943025118546
77 124 0.18151407854372256
77 173 0.10473196103247387
77 195 0.1904824227018237
77 280 0.5714472681054711
77 379 0.1904824227018237
77 523 0.23000013027805463
77 698 0.1904824227018237
77 708 0.23000013027805463
77 710 0.23000013027805463
77 712 0.23000013027805463
77 713 0.2695178378542856
77 714 0.2695178378542856
77 715 0.2695178378542856
78 49 0.1961326351695079
78 53 0.14479141867175796
78 68 0.21744116527466775
78 91 0.2687823817724177
78 118 0.17960445515318765
78 124 0.11791111093584941
78 127 0.08072130203055208
78 163 0.1660999487769178
78 173 0.1360672623843277
78 249 0.1660999487769178
78 355 0.16017120795680312
78 716 0.3501562846627578
78 717 0.3501562846627578
78 718 0.2988150681650078
78 719 0.2988150681650078
78 720 0.3501562846627578
78 721 0.3501562846627578
79 15 0.06591400130057021
79 16 0.1488155430766842
79 33 0.1381262663210197
79 38 0.1271758919519627
79 49 0.10079183174515241
79 50 0.2117491821602605
79 52 0.0853581459073991
79 53 0.1488155430766842
79 56 0.07949053087331995
79 57 0.08231138805047658
79 103 0.1537287513392544
79 118 0.184596123014761
79 127 0.08296475377982297
79 162 0.1186821217141908
79 170 0.1186821217141908
79 173 0.06992446006964581
79 185 0.1271758919519627
79 194 0.05177074930659723
79 249 0.1707162918147982
79 250 0.0853581459073991
79 286 0.10587459108013025
79 332 0.2234844122284188
79 355 0.16462277610095316
79 374 0.1271758919519627
79 379 0.1271758919519627
79 382 0.153559952158773
79 399 0.153559952158773
79 569 0.1381262663210197
79 602 0.09630852027645612
79 703 0.153559952158773
79 705 0.153559952158773
79 712 0.153559952158773
79 722 0.17994401236558333
79 723 0.17994401236558333
79 724 0.17994401236558333
79 725 0.17994401236558333
79 726 0.17994401236558333
79 727 0.17994401236558333
79 728 0.17994401236558333
79 729 0.17994401236558333
79 730 0.17994401236558333
79 731 0.17994401236558333
79 732 0.17994401236558333
79 733 0.17994401236558333
79 734 0.17994401236558333
80 44 0.17071629254720141
80 52 0.25377860622116594
80 127 0.12333140180063704
80 186 0.33222114916256834
80 735 0.4565496381859001
80 736 0.5349921811273026
80 737 0.5349921811273026
81 118 0.29366731956092
81 127 0.13198563687387996
81 249 0.2715863963113826
81 293 0.3776142206499353
81 347 0.33686414280352045
81 735 0.4885859876782349
81 738 0.5725328887672502
82 44 0.10181154097347864
82 45 0.17076418322834352
82 53 0.1319320688980866
82 71 0.09179447150764299
82 72 0.24491103157833213
82 127 0.07355220688306799
82 142 0.21043471045089973
82 240 0.22549497441320365
82 248 0.21043471045089973
82 249 0.15134812606321504
82 277 0.21043471045089973
82 293 0.21043471045089973
82 347 0.1877257382683835
82 426 0.2722764271707622
82 739 0.3190578799283208
82 740 0.6381157598566416
83 36 0.1904644500141409
83 87 0.18417201239889538
83 156 0.33095946219387734
83 158 0.28437003490175067
83 250 0.2045236349017297
83 531 0.28437003490175067
83 649 0.3679395710506587
83 741 0.33095946219387734
83 742 0.4311574846967326
83 743 0.4311574846967326
84 7 0.18175629784865835
84 8 0.16315109833718822
84 15 0.10157245093724004
84 16 0.11466121878208961
84 36 0.1224936718723463
84 41 0.18175629784865835
84 63 0.21285042831885487
84 71 0.07977791956445847
84 75 0.19597607171177342
84 127 0.06392369767080404
84 160 0.1553186452469315
84 253 0.16315109833718822
84 275 0.16315109833718822
84 369 0.21285042831885487
84 410 0.21285042831885487
84 483 0.18288730386692387
84 517 0.17219300185401298
84 573 0.2366334981766153
84 594 0.21285042831885487
84 744 0.2772909246414572
84 745 0.2772909246414572
84 746 0.18288730386692387
84 747 0.2772909246414572
84 748 0.21285042831885487
84 749 0.2366334981766153
84 750 0.2772909246414572
85 15 0.16121764748962333
85 16 0.18199237863978823
85 36 0.1944241911010651
85 45 0.23555895205595154
85 82 0.2733078744967286
85 127 0.10146085933963159
85 165 0.37558900608636436
85 173 0.1710267429070928
85 207 0.37558900608636436
85 427 0.4930491755772939
85 451 0.25895640024992383
85 751 0.37558900608636436
86 20 0.11118155634424844
86 25 0.1509350368080163
86 80 0.13614389194046383
86 88 0.18657312949422677
86 118 0.12467098865657286
86 123 0.20742007731288478
86 173 0.09444999630314778
86 176 0.20764808167582965
86 178 0.20742007731288478
86 180 0.28601879016743437
86 192 0.1152969441218058
86 249 0.1152969441218058
86 297 0.20742007731288478
86 417 0.13614389194046383
86 602 0.13008808898935828
86 687 0.18657312949422677
86 697 0.20742007731288478
86 718 0.20742007731288478
86 719 0.20742007731288478
86 746 0.16030908134278335
86 751 0.20742007731288478
86 752 0.4861163399981906
86 753 0.2430581699990953
86 754 0.20742007731288478
87 6 0.09218134741144092
87 49 0.21339094008334908
87 76 0.2692498258012159
87 124 0.2565729337917415
87 137 0.32510871151908277
87 192 0.18071558660632842
87 218 0.5384996516024319
87 348 0.2924333580420621
87 481 0.2512672811395322
87 755 0.2924333580420621
87 756 0.3809675972369497
88 6 0.16444849209975254
88 7 0.11137012403394847
88 50 0.19993979051242763
88 71 0.19553384179209476
88 78 0.17430107539704243
88 87 0.14515519741297023
88 120 0.2401664170382671
88 124 0.11442941891307401
88 127 0.15667550940620395
88 176 0.14515519741297023
88 194 0.19553384179209476
88 333 0.5216914931286362
88 757 0.33981683205851354
88 758 0.33981683205851354
88 759 0.2401664170382671
88 760 0.33981683205851354
89 12 0.1773128135548892
89 43 0.2960126066199374
89 53 0.09551732391831907
89 154 0.12363133496882074
89 176 0.09867086887331246
89 182 0.15235234745938095
89 254 0.1773128135548892
89 285 0.16325580802963838
89 286 0.13591130874964116
89 761 0.2309942921409577
89 762 0.2309942921409577
89 763 0.2309942921409577
89 764 0.2309942921409577
89 765 0.2309942921409577
89 766 0.2309942921409577
89 767 0.2309942921409577
89 768 0.4619885842819154
89 769 0.2309942921409577
89 770 0.2309942921409577
89 771 0.2309942921409577
90 6 0.06765650386978611
90 15 0.10242236860740432
90 16 0.11562065802989988
90 76 0.39523184229347236
90 127 0.06445858562212683
90 160 0.15661828958831803
90 173 0.10865413542820426
90 264 0.39523184229347236
90 402 0.23861355270515433
90 429 0.23861355270515433
90 492 0.23861355270515433
90 772 0.2796111842635725
90 773 0.2796111842635725
90 774 0.2796111842635725
90 775 0.2796111842635725
90 776 0.23861355270515433
90 777 0.2796111842635725
91 7 0.1403778450770937
91 43 0.18296265709789086
91 71 0.1232315200710946
91 163 0.20318064180072906
91 190 0.36552351627173996
91 192 0.20318064180072906
91 194 0.1232315200710946
91 448 0.3027207195481046
91 778 0.4283263129953753
91 779 0.32878623524799977
91 780 0.4283263129953753
91 781 0.36552351627173996
92 5 0.1539239465502335
92 87 0.11738320305660871
92 106 0.1942162857481123
92 124 0.18507214285560117
92 172 0.21093911744889488
92 174 0.23450862494599112
92 181 0.21093911744889488
92 186 0.17064677825101607
92 201 0.1942162857481123
92 238 0.23450862494599112
92 266 0.17064677825101607
92 390 0.23450862494599112
92 481 0.18124504975158381
92 514 0.21093911744889488
92 537 0.16168606737549032
92 602 0.1470772707539198
92 619 0.23450862494599112
92 627 0.23450862494599112
92 636 0.23450862494599112
92 711 0.23450862494599112
92 755 0.21093911744889488
92 782 0.27480096414386995
92 783 0.27480096414386995
93 1 0.13861970214668165
93 5 0.13861970214668165
93 6 0.05988141256916841
93 194 0.07120066898810166
93 378 0.18996600780572534
93 591 0.13861970214668165
93 602 0.13245377292740868
93 630 0.21119206250492187
93 784 0.24747824268404203
93 785 0.24747824268404203
93 786 0.24747824268404203
93 787 0.24747824268404203
93 788 0.24747824268404203
93 789 0.24747824268404203
93 790 0.24747824268404203
93 791 0.24747824268404203
93 792 0.24747824268404203
93 793 0.21119206250492187
93 794 0.24747824268404203
93 795 0.42238412500984374
94 5 0.14154387730442183
94 183 0.16666755017030258
94 186 0.15692169532096797
94 278 0.16666755017030258
94 280 0.17859551250188263
94 337 0.15692169532096797
94 347 0.1486816924549299
94 417 0.14154387730442183
94 451 0.1486816924549299
94 463 0.21564714769934343
94 602 0.1352478781400533
94 793 0.21564714769934343
94 795 0.21564714769934343
94 796 0.25269878289680425
94 797 0.21564714769934343
94 798 0.25269878289680425
94 799 0.25269878289680425
94 800 0.25269878289680425
94 801 0.25269878289680425
94 802 0.25269878289680425
94 803 0.25269878289680425
94 804 0.25269878289680425
94 805 0.25269878289680425
95 36 0.1926575629398192
95 44 0.06958339350903116
95 56 0.1926575629398192
95 57 0.0997471727121217
95 87 0.09314633536037566
95 124 0.14685910279665546
95 158 0.14382221431142414
95 194 0.0627371982763108
95 245 0.12830170128851162
95 340 0.1860881152952151
95 519 0.16738515616276864
95 594 0.16738515616276864
95 635 0.16738515616276864
95 741 0.3347703123255373
95 748 0.16738515616276864
95 779 0.502155468488306
95 806 0.1860881152952151
95 807 0.1860881152952151
95 808 0.21806103511381714
95 809 0.1860881152952151
95 810 0.21806103511381714
95 811 0.21806103511381714
95 812 0.1860881152952151
95 813 0.21806103511381714
96 6 0.05142481476529097
96 33 0.1631385490752612
96 163 0.20163006567807926
96 194 0.06114553843646533
96 195 0.1502052509127883
96 245 0.2500933042323261
96 300 0.18136700903089908
96 591 0.238086985589355
96 680 0.18136700903089908
96 814 0.2125287671490099
96 815 0.2125287671490099
96 816 0.2125287671490099
96 817 0.2125287671490099
96 818 0.36273401806179817
96 819 0.2125287671490099
96 820 0.4250575342980198
96 821 0.4250575342980198
97 52 0.0862235195787798
97 163 0.1724470391575596
97 195 0.1284652201977868
97 242 0.2569304403955736
97 258 0.23977067768965246
97 280 0.1284652201977868
97 345 0.13952661110275855
97 481 0.11988533884482623
97 582 0.15511676595977616
97 583 0.15511676595977616
97 797 0.31023353191955233
97 818 0.15511676595977616
97 822 0.18176831172176555
97 823 0.3635366234435311
97 824 0.18176831172176555
97 825 0.4653502978793285
97 826 0.18176831172176555
97 827 0.18176831172176555
97 828 0.18176831172176555
97 829 0.15511676595977616
97 830 0.18176831172176555
97 831 0.18176831172176555
98 7 0.1332014277891876
98 8 0.23913294340956492
98 106 0.2872449854393546
98 124 0.13686042026551323
98 253 0.23913294340956492
98 266 0.25238579321591376
98 293 0.2680605875882621
98 345 0.3119779759292768
98 464 0.25238579321591376
98 537 0.23913294340956492
98 759 0.2872449854393546
98 832 0.4064293508660808
98 833 0.4064293508660808
99 6 0.05073375040714399
99 7 0.06871725004475748
99 53 0.08670074968237097
99 56 0.09262323648296769
99 82 0.1302032414217876
99 124 0.07060488672463971
99 163 0.09946024573327253
99 173 0.08147674609565904
99 275 0.12336623217148276
99 278 0.2765794140525341
99 320 0.10754671133775198
99 355 0.09591013013600971
99 414 0.17892973674791612
99 427 0.11744374537088603
99 448 0.29637348211880216
99 451 0.12336623217148276
99 464 0.1302032414217876
99 554 0.16094623711030265
99 591 0.11744374537088603
99 602 0.11221974178417411
99 741 0.16094623711030265
99 754 0.17892973674791612
99 779 0.16094623711030265
99 806 0.17892973674791612
99 807 0.17892973674791612
99 809 0.17892973674791612
99 812 0.17892973674791612
99 834 0.20967273243643123
99 835 0.20967273243643123
99 836 0.20967273243643123
99 837 0.20967273243643123
99 838 0.20967273243643123
99 839 0.20967273243643123
99 840 0.20967273243643123
99 841 0.20967273243643123
99 842 0.20967273243643123
100 6 0.10616321533332443
100 7 0.14379469593850916
100 41 0.14379469593850916
100 43 0.18741603869929999
100 53 0.18142617654369395
100 71 0.25246204554474705
100 127 0.20229040266857098
100 187 0.28937896030932136
100 325 0.336789018953019
100 843 0.43875194056304034
100 844 0.43875194056304034
100 845 0.43875194056304034
101 6 0.08430755912427328
101 86 0.2973391330013206
101 90 0.2674547868453157
101 103 0.14883298997556402
101 219 0.2674547868453157
101 223 0.22980496331991482
101 231 0.2674547868453157
101 239 0.2674547868453157
101 241 0.2973391330013206
101 417 0.19516387862462894
101 678 0.24625150581297478
101 698 0.24625150581297478
101 746 0.22980496331991482
101 846 0.3484267601896665
101 847 0.3484267601896665
102 6 0.06824898661862921
102 15 0.051659651805158704
102 16 0.058316586664801655
102 20 0.12902198508316431
102 41 0.04622053998705813
102 52 0.06689886836337493
102 65 0.09301630855779232
102 66 0.08297849322289247
102 67 0.5980394605046115
102 71 0.1622998956276586
102 78 0.2170139405444265
102 80 0.1579898300822369
102 87 0.06024193350373198
102 104 0.08297849322289247
102 127 0.09753459525592408
102 138 0.10825552511600854
102 173 0.05480282168563141
102 176 0.18072580051119594
102 189 0.09967324341743526
102 192 0.2675954734534997
102 194 0.04057497390691465
102 240 0.09967324341743526
102 277 0.09301630855779232
102 453 0.10825552511600854
102 474 0.12035157179375205
102 616 0.12035157179375205
102 670 0.12035157179375205
102 746 0.09301630855779232
102 755 0.10825552511600854
102 781 0.36105471538125616
102 848 0.1410299001700689
102 849 0.1410299001700689
102 850 0.1410299001700689
102 851 0.1410299001700689
102 852 0.1410299001700689
102 853 0.1410299001700689
103 7 0.13096437216050902
103 44 0.06375685541467967
103 104 0.11755840878107457
103 159 0.09845537857537
103 302 0.12407354597980241
103 311 0.14121042018354882
103 455 0.17050610013332276
103 483 0.2635586354977764
103 525 0.17050610013332276
103 531 0.1317793177488882
103 615 0.17050610013332276
103 618 0.17050610013332276
103 667 0.17050610013332276
103 759 0.14121042018354882
103 829 0.17050610013332276
103 854 0.19980178008309674
103 855 0.19980178008309674
103 856 0.19980178008309674
103 857 0.19980178008309674
103 858 0.19980178008309674
103 859 0.19980178008309674
103 860 0.19980178008309674
103 861 0.19980178008309674
103 862 0.19980178008309674
103 863 0.19980178008309674
103 864 0.19980178008309674
103 865 0.39960356016619347
103 866 0.19980178008309674
104 6 0.08407584348157839
104 7 0.11387805381787763
104 20 0.15894202626260973
104 71 0.09996852186331849
104 78 0.17822613934171286
104 103 0.1484239290054136
104 127 0.08010183272609275
104 176 0.1484239290054136
104 334 0.2667196990492815
104 490 0.8895657281567422
105 7 0.3377271718071729
105 157 0.6063125148437244
105 163 0.48882089252503813
105 320 0.528563739579279
106 127 0.1340188651804128
106 177 0.4462503562194031
106 251 0.49611261621033775
106 410 0.4462503562194031
106 540 0.41087251974353306
106 759 0.41087251974353306
107 15 0.07253688068851337
107 16 0.0818840844111855
107 20 0.09058183718960017
107 41 0.06489965915846722
107 44 0.06318967696584121
107 67 0.13995421790445883
107 78 0.10157194743515002
107 176 0.1691750443648635
107 330 0.1306070141817867
107 335 0.15200485939837724
107 354 0.1689892846510955
107 424 0.1689892846510955
107 660 0.1689892846510955
107 664 0.337978569302191
107 746 0.1306070141817867
107 776 0.1689892846510955
107 867 0.19802435139773217
107 868 0.19802435139773217
107 869 0.19802435139773217
107 870 0.19802435139773217
107 871 0.19802435139773217
107 872 0.19802435139773217
107 873 0.19802435139773217
107 874 0.19802435139773217
107 875 0.19802435139773217
107 876 0.19802435139773217
107 877 0.19802435139773217
107 878 0.39604870279546434
107 879 0.19802435139773217
108 6 0.08952203924218764
108 41 0.12125475262037312
108 43 0.15803841206557306
108 52 0.1755021844456006
108 57 0.16923784196624564
108 72 0.2839970480960555
108 110 0.24401855726898605
108 127 0.0852906032902021
108 250 0.1755021844456006
108 326 0.2839970480960555
108 417 0.2072348978237861
108 524 0.2839970480960555
108 825 0.31572976147424103
108 880 0.36997719329946854
108 881 0.36997719329946854
108 882 0.36997719329946854
109 6 0.07530526675330505
109 36 0.13748278956176208
109 44 0.09931111865858827
109 66 0.1831153216048364
109 71 0.08954006161710741
109 159 0.1533594108536215
109 185 0.21995697095576378
109 189 0.21995697095576378
109 261 0.23889618294068307
109 262 0.41053315370050075
109 284 0.21995697095576378
109 320 0.15963404480717605
109 451 0.1831153216048364
109 464 0.3865273017952175
109 665 0.2655895029988381
109 748 0.23889618294068307
109 883 0.3112220350419125
109 884 0.3112220350419125
110 8 0.28902451881326807
110 16 0.10156199965183589
110 57 0.11234994667481606
110 155 0.17358721578553732
110 227 0.32398749095730167
110 242 0.17358721578553732
110 250 0.11650858244641071
110 253 0.14451225940663404
110 327 0.18853379858011218
110 355 0.11234994667481606
110 430 0.20959982385238804
110 551 0.15252119051326146
110 635 0.18853379858011218
110 885 0.24561243191923882
110 886 0.24561243191923882
110 887 0.24561243191923882
110 888 0.24561243191923882
110 889 0.24561243191923882
110 890 0.24561243191923882
110 891 0.24561243191923882
110 892 0.24561243191923882
110 893 0.24561243191923882
111 44 0.05799445908389208
111 75 0.12844770781572237
111 142 0.23973799214480937
111 169 0.15509562043831981
111 215 0.11986899607240468
111 396 0.15509562043831981
111 471 0.15509562043831981
111 591 0.10179979519312492
111 894 0.18174353306091728
111 895 0.5452305991827519
111 896 0.18174353306091728
111 897 0.18174353306091728
111 898 0.18174353306091728
111 899 0.18174353306091728
111 900 0.18174353306091728
111 901 0.18174353306091728
111 902 0.18174353306091728
111 903 0.18174353306091728
111 904 0.36348706612183457
111 905 0.18174353306091728
111 906 0.18174353306091728
111 907 0.18174353306091728
112 124 0.1527914727952156
112 320 0.23273488821904045
112 475 0.3872102806594202
112 483 0.2992638185422999
112 549 0.3482933512072228
112 647 0.3872102806594202
112 908 0.45373921098267966
112 909 0.45373921098267966
113 5 0.24774987349317984
113 8 0.2602434750126066
113 53 0.18289692395058882
113 71 0.12725432576507836
113 127 0.10196514388842093
113 176 0.18893534345553026
113 248 0.29172483654169834
113 249 0.2098133299496028
113 253 0.2602434750126066
113 260 0.3774557725783618
113 448 0.31260282303577086
113 749 0.3774557725783618
113 910 0.4423087221209529
